saveMD5 = 5f2e9b83e2c5f09137869c1bae3896d6
vesselCount = 0
UT = 4185.3434356678172
gameMode = CAREER
gameNull = False
gameCompatible = True
funds = 406476.92220997816
science = 77
reputationPercent = 11
ongoingContracts = 0
saveMD5 = 5f2e9b83e2c5f09137869c1bae3896d6
