saveMD5 = 12ea6388d509a251f60ed198c8c7783f
vesselCount = 0
UT = 7976.2628790717135
gameMode = CAREER
gameNull = False
gameCompatible = True
funds = 353634.23512220389
science = 82
reputationPercent = 11
ongoingContracts = 0
saveMD5 = 12ea6388d509a251f60ed198c8c7783f
