saveMD5 = 5bca27f82229bb265df2f6bb1b24b420
vesselCount = 0
UT = 3482.1022735570336
gameMode = CAREER
gameNull = False
gameCompatible = True
funds = 328242.43460983044
science = 59
reputationPercent = 9
ongoingContracts = 0
saveMD5 = 5bca27f82229bb265df2f6bb1b24b420
