saveMD5 = 82439eb369f938cb3b229120b1c74de7
vesselCount = 0
UT = 1353.4495587149472
gameMode = CAREER
gameNull = False
gameCompatible = True
funds = 240911.73301315308
science = 79
reputationPercent = 4
ongoingContracts = 0
saveMD5 = 82439eb369f938cb3b229120b1c74de7
