saveMD5 = 16c759d586a7e5f8fbcc6d0911593219
vesselCount = 0
UT = 292.88000000002359
gameMode = CAREER
gameNull = False
gameCompatible = True
funds = 112893.23998832703
science = 20
reputationPercent = 1
ongoingContracts = 0
saveMD5 = 16c759d586a7e5f8fbcc6d0911593219
