saveMD5 = 61434496c490142846b1bfd425f06b40
vesselCount = 0
UT = 3480.562273557035
gameMode = CAREER
gameNull = False
gameCompatible = True
funds = 328242.43460983044
science = 59
reputationPercent = 9
ongoingContracts = 0
saveMD5 = 61434496c490142846b1bfd425f06b40
